%gray code0
h=[52	52	53.2048	53.5	53.156	72.5903	72.7048	73.3743	73.156	75.5229	76.656	77.156	77.344	77.2952	80.7952	77	77.5	76.844	76.2952	77	79	77.2952	96.5	96.5	93.4097	93.7952	93	92.844	92.7952	96.7952	95	88.2048	95.5229	89.6257	91	91	90	89.2952	89.2952	104.705	101	100.5	101.374	102	99.3848	97.5	97	97	96	96.8743	96.844	97.6257	99.7048	100.41	97.1051	96.7048	114	112.795	113.205	113	114.5	115	112.758	113.41	113.41	111.874	112.59	113.295	117.295	118	116.295	120.795	117.5	118	136.156	136.844	136.844	140.5	137.5	139	141.205	141.295	143	144.795	141.295	141.626	142	140.656	140.758	141.205	135.459	129	160.156	157.205	157.295	155.5	156.374	157.295	157	157.374	160.758	153.126	157	154	156.295	156.295	153	153.295	168.295	168.5	164.795	165.5	165.205	164.295	168.795	161	160.374	159.795	161.295	161.295	161.5	163	164.844	161.09	161.156	168.205	175.626	177	177.705	177.5	180.205	180.5	177.295	177	176.5	176.41	181.126	181.59	180.795	179.459	181.156	181	201.374	199	205.156	205.228	205.389	205.656	204.41	204.5	205.053	205.389	205.156	224.451	220.951	221.326	221.831	220.063	220.43	221.205	221.5	224.295	224.5	216.856	217.467	217.242	220.205	216.81	217.249	217.458	232.41	232.275	229.045	229.447	229.295	228.5	224.921	225.31	225.611	224.644	224.656	225.1	225.28	228	228.361	225	225.242	225.451	240.323	240.758	241.225	241.537	244.5	244.542	241.147	241.475	241.395	240.5	240.766	245.166	245.258	244.57	244.563	245	245.385	245.374	264.318	264.664	265.095	265.626	265.295	268.467	269.035	269.553	269.41	272.323	268.686	269.242	269.626	268.295	268.437	269.149	269.344	269.626	288.323	284.866	285.383	285.4	284.874	284.451	285.029	285.295	285.795	288.437	288.828	281.442	281.53	284.5	284.579	281.076	281.364	281.295	296.395	292.795	293.323	293.656	292.374	292.451	289.09	289.5	289.139	288.144	288.751	289.364	289.558	292.458	292.472	289.03	289.522	289.5	304.374	304.856	305.349	305.533	308	308.537	305.162	305.472	305.844	304.218	308.677	309.205	309.356	308	308.467	309.118	309.475	309.242	328.295	328.818	329.222	329.421	332.395	332.583	333.139	333.266	333.295	336.395	332.828	333.307	333.677	332.669	332.563	333.04	333.374	333.374	352.318	348.925	349.41	349.705	348.205	348.57	349.205	349.351	349.205	351.947	348.59	345.389	345.553	345.295	348.295	344.861	345.398	345.705	360.105	360.525	357.06	357.348	357.205	356	356.5	353.162	353.451	353.5	352.4	352.647	353.353	353.437	356	356.403	352.905	353.434	353.374	368.41	368.583	369.027	369.72	372.374	372.326	368.692	369.374	369.451	368.295	368.5	373.027	373.451	372.656	372.134	372.882	373.263	373.5	392.205	392.361	393.058	393.424	393.344	396.218	392.636	397.43	397.4	400.605	400.364	397	397.314	396.626	396.295	396.864	397.269	399	416.463	412.649	413.075	413.374	412.105	412.295	412.97	413.156	413.644	416.205	416.69	409.272	409.463	411.656	412.216	408.933	409.395	409.558	424.364	420.838	421.366	421.437	420.105	420.57	417.032	417.579	416.139	416.312	417	417.5	417.41	420	420.882	417.307	417.242	432.156	432.472	433	433.46	435.523	436.331	432.967	433.188	433.6	432.177	432.656	437.205	437.528	436.5	436.467	437	437.31	437.258	456.177	456.718	457.079	457.472	460.656	460.5	461.042	461.307	461.5	464.084	460.583	461.272	461.615	460.758	460.478	461	461.424	461.126	480.156	476.814	477.228	477.537	476.242	476.72	477.027	477.434	480	480.126	476.823	473.344	473.59	476.115	472.576	473.068	473.434	473.126	488.28	484.9	485.19	485.639	484.156	484.403	481.139	481.549	480.558	480.389	480.868	481.264	481.417	484.421	484.43	481.139	481.434	478.705	496.314	496.91	497.353	497.205	500.242	500.561	497.101	497.391	497.356	496.04	500.836	501.242	501.626	499.626	500.475	501.162	501.274	501.656	520.263	520.705	521.32	521.382	524.09	524.385	525.073	525.402	525.5	528.139	528.5	525.131	525.383	525.205	524.216	524.772	525.336	525.5	544.228	544.467	541.142	541.34	541.374	540.105	540.795	541.374	541.57	544.5	544.295	537.142	537.34	537.656	540.218	540.636	537.112	537.549	537.126	552.134	548.861	549.328	549.336	548.295	548.356	549.101	545.364	544	544.126	544.718	545.234	545.28	548.549	548.339	544.905	545.266	545.451	560.169	560.583	561.095	561.519	561.344	564.156	560.775	561.305	561.442	559.844	560.318	561.076	565.374	565.5	564.079	564.775	565.395	565.553	568.295	584.205	585.028	585.398	585.5	588.134	588.656	589.122	589.326	589.5	592.134	588.688	589.304	589.656	588.053	588.351	588.914	589.307	589.258	608.222	604.626	605.344	605.476	604.295	604.323	605.03	605.306	605.749	608.144	608.472	601.284	601.398	604.656	604.126	600.705	601.374	601.558	600	616.295	613.079	613.367	613.656	612.045	608.636	609.15	609.364	608.205	608.263	608.787	609.307	609.5	611.921	612.674	609.156	609.356	609.742	624.04	624.626	625.139	625.434	628.705	628.382	625.029	625.323	625.5	624	624.644	625.09	629.463	630	628.042	628.768	629.177	629.524	632	648.275	648.91	649.344	649.5	652	652.53	649.147	653.421	653.626	656.242	652.674	653.285	653.5	652.5	652.09	652.899	653.361	653.5	656.19	672.434	669.126	669.433	669.705	667.889	668.751	669.316	669.537	671.874	672.28	668.976	665.338	665.537	668.228	668.561	665.181	665.392	666	680.033	676.626	677.18	677.558	676.742	676.105	676.88	677.237	673.421	671.91	672.5	673.094	673.351	674.156	675.958	672.677	673.161	673.439	673.295	688.037	688.905	689.286	689.576	691.669	692.331	689.12	689.323	689.705	688.177	688.705	693.076	693.5	692	692.182	692.666	693.369	693.579	696	712.308	712.974	713.397	713.725	716.115	716.478	713.15	717.361	720.844	720.035	716.669	717.255	717.542	716.295	716.032	716.788	717.395	717.605	719.91	736.391	733.055	733.425	733.374	732.084	732.518	733.087	733.518	735.656	735.963	732.812	729.387	729.451	732.442	732.254	728.91	729.319	729.686	727.861	744.421	741.049	741.465	741.43	740.075	740.641	741.226	737.54	736.59	736.278	736.844	737.266	737.722	739.669	740.356	736.914	737.385	737.558	751.937	752.331	753.225	753.368	753.323	756.186	752.597	753.285	753.458	753.295	752.079	752.91	753.258	757.597	755.705	756.323	756.879	757.421	757.633	760.228	776.28	777	777.433	777.5	780	780.483	777.196	781.537	781.41	784.029	780.618	781.304	781.481	779.374	780.156	780.9	781.344	781.5	784	800.323	797.028	797.465	797.656	796	796.447	797.028	797.467	797.644	799.968	800.374	796.858	801	801.282	801.421	801	800.682	801	801.147	801.395	804.57	804.5	800.861	801.356	801.097	800.778	816.451	816.853	817.314	817.374	820.844	820.69	817.164	817.439	817.389	816.43	816.356	816.868	821.295	821.263	820.758	820.617	820.831	821.228	821.597	824.5	840.417	840.971	841.263	841.275	844.725	844.558	840.933	845.395	848.5	848.47	844.895	845.139	845.278	844.205	844.43	844.93	845.312	845.403	848.5	864.626	860.967	861.295	861.295	860.5	860.617	861.053	861.374	861.126	864.169	864.59	861.035	857.34	857.458	860.795	860.682	856.965	857.295	857.395	856.734	872.344	868.874	869.149	869.205	868.549	868.563	868.974	865.266	865.295	864.186	864.705	865.205	865.533	868.91	868.537	868.636	865.258	865.205	864.705	880.5	880.866	881.366	881.356	884.579	884.558	880.96	881.254	881.656	880.669	880.615	881.095	881.374	885.533	884.605	884.451	884.5	885.131	885.254	887	904.295	904.656	905.295	905.385	908.705	908.549	904.68	905.181	909.403	909.058	912.314	908.795	909.326	909.563	908.795	908.626	909.232	909.383	909.336	912.758	928.725	925.266	925.542	925	924.266	924.57	925.205	925.434	925.079	928.349	928.626	925.132	921.522	921.07	924.374	920.722	921.1	921.295	921.344	920.57	936.472	933.053	933.269	933.251	932.295	932.705	933.205	929.366	929.084	928.558	928.644	929	929.232	929.5	932.275	932.524	929.09	929.272	929.41	944.641	944.786	945	945.278	948.942	948.722	948.91	945.214	945.47	945.705	944.437	944.775	949.32	949.391	948.5	948.442	948.69	949.266	949.266	952.59	968.263	968.866	969.222	969.476	969.295	972.5	972.583	969.118	973.344	973.656	976.374	976.41	973	973.47	973.156	972.537	972.525	973	973.41	973.626	976.605	992.644	989.053	989.47	989.356	988.437	988.705	989.055	989.417	989.626	992.5	992.758	985.084	985.403	988.5	988.537	984.745	985.236	985.563	984.742	1000.47	1000.76	997.295	997.583	996.705	996.295	996.528	997	997.193	993.147	992.442	