%%  
a = [4.85261	4.85281	4.86037	4.85436	4.85536	4.85221	4.86287	4.8551	4.85623	4.8549	4.8478	4.85268	4.85248	4.85136	4.85606	4.86003	4.85544	4.85127	4.85527	4.8578	4.85208	4.84681	4.85261	4.85561	4.85757	0	0	0	0	0	0	0	0	0	0	];

%gamma = 1.0, projector gamma = 1
a = [4.86004	4.84948	4.84772	4.85236	4.85303	4.85454	4.84673	4.85585	4.84477	4.85642	4.85961	4.8567	4.8546	4.85134	4.84919	4.85972	4.85511	4.85478	4.85776	4.8512	4.85167	4.85332	4.85692	4.85373	4.85563	4.84867	4.84543	4.85181	4.84839	4.85335	4.84701	4.85151	4.85146	4.85961	4.84637	4.85661	4.85563	4.85563	4.85017	4.84355	4.85399	4.85194	4.85674	4.85609	4.85134	4.84737	4.8581	4.85116	4.84696	4.84999	4.85115	4.84741	4.85025	4.84698	4.85483	4.84567	4.844	4.84972	4.85623	4.8466	4.85042	4.84908	4.84486	4.85352	4.84858	4.85193	4.84418	4.85104	4.84884	4.85165	4.84584	4.85566	4.84508	4.8483	4.84343	4.84964	4.84974	4.84581	4.84419	4.84017	4.85035	4.8493	4.85458	4.84406	4.85157	4.84335	4.84271	4.84599	4.85658	4.84563	4.84251	4.84071	4.84678	4.85447	4.85056	4.85419	4.84428	4.84581	4.84337	4.85511	4.86839	4.87957	4.9221	4.95872	5.03257	5.11732	5.20243	5.32282	5.43829	5.55489	5.70191	5.84831	6.01228	6.1914	6.39752	6.59179	6.83375	7.04971	7.31887	7.59616	7.84269	8.15226	8.4968	8.82366	9.16665	9.40345	9.82462	10.2362	10.5874	11.0273	11.3984	11.7994	12.2485	12.6697	13.0513	13.4485	13.994	14.4763	15.0329	15.573	16.2006	16.774	17.2118	17.7645	18.5464	19.0422	19.605	20.4081	20.9756	21.7341	22.3268	23.1084	23.7221	24.4172	25.1304	26.0379	26.7428	27.4836	28.0397	28.6892	29.3975	30.0837	30.839	31.7697	32.4243	33.5459	34.4772	35.2104	36.1767	37.0191	37.8358	39.0068	39.8974	40.8246	41.8863	42.7999	43.7471	44.836	45.6767	47.0357	48.0747	48.768	49.8034	50.7473	51.7356	52.7921	53.8064	55.3877	56.3902	57.7404	58.8726	59.9423	61.3997	62.7642	63.6363	64.7525	66.0884	67.351	68.5296	69.6872	70.9198	72.0023	73.3491	74.6155	76.495	77.4301	79.0552	80.5154	81.8188	82.8564	84.4957	86.1982	87.6766	88.8747	90.7969	92.1418	93.5506	94.8087	96.0582	97.1878	98.3786	99.8288	101.026	102.698	103.292	104.285	105.814	107.889	109.323	111.361	113.162	114.821	116.436	117.839	119.748	121.221	122.713	124.896	126.535	128.182	130.143	131.149	133.103	133.94	135.49	137.567	139.46	141.413	142.428	143.219	144.543	146.516	147.38	149.13	150.172	151.44];
%gamma = 1.99, projector gamma = 3
a=[4.83052	4.82456	4.82949	4.82464	4.8164	4.81463	4.82444	4.82614	4.81986	4.81202	4.8221	4.82243	4.81618	4.81677	4.82937	4.81758	4.82513	4.81487	4.80988	4.82398	4.82576	4.82465	4.81898	4.81898	4.81797	4.83165	4.82177	4.81271	4.82417	4.82767	4.81989	4.8224	4.82299	4.82535	4.82798	4.81966	4.818	4.82644	4.81892	4.81594	4.8313	4.82102	4.83655	4.86386	4.89911	4.94007	4.98564	5.00454	5.06114	5.1175	5.17822	5.25704	5.30892	5.42252	5.47461	5.57034	5.67082	5.7697	5.89494	5.99669	6.09027	6.23669	6.34987	6.49486	6.64114	6.75793	6.94233	7.09708	7.26583	7.37035	7.56745	7.70784	7.91335	8.11125	8.23609	8.51545	8.70722	8.92604	9.09876	9.32929	9.44772	9.75472	9.97692	10.1365	10.4191	10.6523	10.8965	11.0879	11.314	11.5303	11.7523	11.4632	12.2016	12.4442	12.7564	13.0198	13.2221	13.4977	13.8253	13.9577	14.2901	14.5088	14.8723	15.1685	15.4613	15.751	16.0209	16.3833	16.7879	17.0832	17.4106	17.715	18.0953	18.3573	18.6127	19.0185	19.3163	19.5984	20.085	20.4239	20.7059	21.0015	21.3156	21.7144	22.0264	22.3476	22.889	23.3201	23.8117	24.245	24.4758	24.7445	25.108	25.619	25.9993	26.2924	26.6116	27.0429	27.5589	27.9217	28.2812	28.6053	29.0581	29.2283	29.6531	30.0645	30.4875	30.8661	31.2417	31.676	32.1492	32.5661	33.1146	33.6525	33.9711	34.5598	34.9953	35.4385	36.1136	36.2992	36.6163	37.1791	37.7259	38.2012	38.6693	39.0648	39.816	40.0838	40.8196	41.1802	41.5974	42.2089	42.8109	42.8933	43.6803	44.1861	44.6302	45.4028	45.7869	46.2844	46.6778	47.1218	47.5934	47.9642	48.5019	48.9897	49.2609	50.0412	50.3115	50.8256	51.7305	52.15	52.5334	53.3267	53.9296	54.4875	55.1714	55.769	55.835	56.5751	57.4091	57.8139	58.2158	58.8289	59.519	60.0706	60.886	61.6608	61.9535	62.357	62.9432	63.5422	64.5305	64.8194	64.8817	65.5378	66.353	66.4772	67.4736	68.0263	68.8218	69.3415	70.1686	70.6288	71.2273	71.7183	72.6676	72.7541	73.6949	74.3824	74.9753	75.2544	76.1958	76.5097	77.3459	78.2899	78.8568	79.7473	80.3178	81.0861	81.6949	82.4154	83.2382	84.1298	84.6124	85.0735	85.4187	86.0185	86.6319	87.3516	88.5369	88.7241	89.8327	90.53	90.7808	91.6923];

%gamma = 2.8, projector gamma = 1
a = [4.88587	4.88123	4.87855	4.88606	4.88938	4.881	4.88351	4.88103	4.88354	4.88112	4.89322	4.87993	4.886	4.87773	4.88408	4.87544	4.89153	4.8886	4.89759	4.90689	4.98277	5.11739	5.26806	5.47647	5.68131	5.90114	6.22579	6.52943	6.84854	7.21712	7.56519	7.92119	8.38427	8.81481	9.26471	9.65134	10.1215	10.519	11.0419	11.5815	12.0373	12.6079	12.9789	13.5187	14.014	14.5645	15.2157	15.747	16.2952	17.0934	17.5389	18.266	18.8056	19.4918	20.0156	20.6993	21.2775	21.9079	22.5194	23.2379	23.8216	24.442	25.0964	25.7571	26.5424	27.1451	27.5003	28.2152	28.6339	29.4435	29.748	30.4967	31.091	31.9436	32.5453	33.2115	33.9119	34.4489	35.0976	35.9316	36.683	37.065	37.7911	38.4085	39.2553	39.0853	41.0729	41.6843	42.4151	43.0199	43.4369	44.3112	45.1391	45.9272	46.5131	47.1854	47.8499	48.7155	49.1562	49.833	50.6153	51.2004	51.6062	52.3359	53.1603	53.874	54.8537	55.4089	56.3469	57.0023	57.7805	58.2199	59.2631	60.006	60.5112	60.9074	61.656	62.6307	63.3125	63.6919	64.6526	65.1558	65.867	66.5993	67.1019	67.7981	68.8471	69.8286	70.2767	70.5555	71.3419	72.1161	72.702	73.1896	73.9409	74.5992	75.855	76.5192	76.8665	78.015	78.5741	79.3858	80.1277	80.5064	81.1713	82.5869	82.9268	83.6618	84.1281	85.2755	85.6678	86.4203	87.5779	88.412	88.9007	89.6344	90.7446	90.7099	91.8933	92.6139	93.0639	93.789	93.9619	94.7654	95.1698	96.1389	96.8481	97.5508	97.6643	98.4676	98.9397	99.8399	100.421	100.919	101.196	102.188	102.323	102.661	103.16	103.922	104.397	105.424	105.457	106.37	107.241	108.095	109.066	109.723	111.112	111.63	111.772	112.922	113.232	114.515	115.542	116.072	116.408	116.97	117.897	118.511	1.4822e-323	120.337	120.545	9.70986e-315	121.807	0	123.488	124.022	124.819	125.519	125.629	127.401	127.675	128.285	129.08	129.64	130.21	130.334	131.294	131.547	132.515	132.717	133.523	134.647	134.856	135.755	136.452	137.577	137.85	138.776	139.47	139.715	140.547	140.691	141.506	141.88	142.49	142.796	143.479	143.876	144.356	144.429	144.935	145.328	146.332	146.57	146.523	147.668	148.288	149.156	149.225	149.716	149.932	151.141	151.264	151.274	];

%gamma = 2.8, projector gamma = 5
